version https://git-lfs.github.com/spec/v1
oid sha256:461f538e7d0e79eee619adf9d14da2a1c17d790e62cdbcea52b6718d326f4123
size 31872
