version https://git-lfs.github.com/spec/v1
oid sha256:c4778bcd10ac478f33a237d2fee64979b1f2ff3efe31ce7998b53a0d89bb140e
size 173284
