version https://git-lfs.github.com/spec/v1
oid sha256:e47d38016fa6e792b4c3c8608f9434278079a17cf8b362fd4779c54edd0dbe96
size 10366
