version https://git-lfs.github.com/spec/v1
oid sha256:658dfa1f9ca422fafb467c5d592b9705ef0fdfaf0fdb60ba1528a46ce6fd7ac3
size 77287
