version https://git-lfs.github.com/spec/v1
oid sha256:5108ad86bb3c8e911a7fe2d668ea90c1fe68ceaa8b355e96e60f9d657d5c87cc
size 30593
