version https://git-lfs.github.com/spec/v1
oid sha256:2c357933abf59af49281488b10d5ca7972fb09ef547772ba15ab3314ff6edd05
size 96845
