version https://git-lfs.github.com/spec/v1
oid sha256:ac460605b984a3572e3e24bf50ccdf0d163f4b99b6cc46e286eb51cbcedb0e10
size 6021
